0,1000,3
,0,4,200
d32d0c49ed1e1542a7de76013e93d38223aea218,0,3,100
856686d5e03b7d3cd006c7b90b7d6c53e75e5295,0,2,300
1,3000,9
,1,2,10
b6004b6d69130c35b78d63e242ed39218b2cdd52,1,2,200
7584ca1a486dba6ba0a49cfc3815899c1eeef7c7,1,3,500
8fba0ffec19deed0c19b96bb54f615c78b7baef9,5,1,200
04bf4cdbe345a6ec4feb3fac64c247922640d4d1,1,2,20
2d795e4c1667e997aa86b85cdba6fc6e5be3131f,1,2,300
54edb98030a5db196090577a98829affc858be8c,3,1,200
0b7feda7f8fc82345e724c3844947c902ea9e252,4,1,300
fc410cce47525ee7d38dd4b1a826604fcec30d29,1,3,30
2,4000,7
,2,5,1000
559f50001faaba21a134d54e0f387c8b10a99f55,1,2,10
a6a97cb8214653a5350c8693111b649b9f691955,1,2,200
48bc317d309ac76a162b21ad5926500675d9a95b,5,2,300
87a3cfcab6674ee1c06404b571be76be7bf731c1,1,2,20
aa756f2d3f800f24667aec113433d7645d1fb6da,1,2,300
e95f69dbbc88e4c0508207ac4197bb3b220e4e4a,0,2,300
3,3000,5
,0,3,100
01190bfffe3e566fd3083f5a8c8ca60071a488bc,4,3,500
5a50545bf9895837bd4f2bd81322d22ba09939ee,1,3,500
f5a82bb60ab0d50270f6bca3d5fb294f886ddc83,3,1,200
a0624d843bdc63c133bebaf47e42e590660ef633,1,3,30
4,5000,4
,0,4,200
d32d0c49ed1e1542a7de76013e93d38223aea218,4,3,500
99011104cade2e1523964277407ed458f956a493,4,5,20
8ed168f991cb67559826ef18e22c5fc00e8a1d53,4,1,300
5,7000,4
,2,5,1000
559f50001faaba21a134d54e0f387c8b10a99f55,5,2,300
fd3c3f3ae8935abc027bdf367c73e6a7844dedfd,4,5,20
5136c2cba23fa223e29d721545323b0d5f17c444,5,1,200
